1 279
2 213
3 251
4 194
5 218
6 148
7 388
8 286
9 351
10 284
11 287
12 354
13 335
14 151
15 250
16 363
17 247
18 167
19 219
20 173
21 178
22 149
23 358
24 387
25 179
26 203
27 195
28 272
29 230
30 291
31 176
32 164
33 192
34 277
35 300
36 198
37 381
38 365
39 340
40 360
41 252
42 166
43 158
44 362
45 180
46 269
47 234
48 357
49 267
50 265
51 226
52 350
53 336
54 376
55 283
56 205
57 353
58 273
59 188
60 257
61 295
62 278
63 175
64 235
65 352
66 177
67 281
68 224
69 155
70 263
71 204
72 191
73 371
74 299
75 385
76 293
77 171
78 343
79 242
80 341
81 349
82 246
83 366
84 254
85 289
86 240
87 154
88 186
89 159
90 212
91 193
92 383
93 225
94 217
95 285
96 368
97 229
98 161
99 153
100 377
101 339
102 271
103 297
104 367
105 170
106 266
107 184
108 346
109 200
110 245
111 382
112 237
113 196
114 239
115 241
116 156
117 222
118 260
119 182
120 344
121 355
122 370
123 197
124 232
125 208
126 185
127 253
128 233
129 332
130 243
131 202
132 163
133 256
134 211
135 372
136 275
137 373
138 374
139 210
140 244
141 223
142 379
143 255
144 207
145 187
146 206
147 342
148 262
149 249
150 216
151 268
152 190
153 290
154 215
155 274
156 199
157 334
158 201
159 280
160 189
161 162
162 347
163 296
164 333
165 348
166 380
167 345
168 261
169 389
170 181
171 231
172 258
173 152
174 282
175 378
176 209
177 248
178 364
179 259
180 165
181 169
182 359
183 337
184 228
185 369
186 356
187 238
188 331
189 172
190 292
191 220
192 214
193 150
194 386
195 338
196 221
197 264
198 157
199 384
200 160
201 288
202 276
203 375
204 174
205 270
206 294
207 168
208 227
209 298
210 183
211 236
212 361
213 106
214 102
215 103
216 105
217 104
218 107
219 764
220 880
221 781
222 806
223 402
224 311
225 328
226 118
227 580
228 621
229 950
230 405
231 896
232 406
233 418
234 813
235 555
236 577
237 815
238 626
239 473
240 915
241 485
242 872
243 511
244 629
245 725
246 404
247 834
248 914
249 587
250 848
251 658
252 451
253 538
254 445
255 672
256 566
257 706
258 429
259 792
260 671
261 562
262 548
263 821
264 409
265 408
266 437
267 469
268 512
269 610
270 628
271 657
272 662
273 752
274 818
275 574
276 576
277 666
278 804
279 556
280 570
281 718
282 865
283 868
284 676
285 735
286 758
287 830
288 803
289 867
290 661
291 871
292 881
293 604
294 613
295 691
296 432
297 517
298 521
299 565
300 454
301 496
302 649
303 494
304 847
305 554
306 704
307 424
308 858
309 560
310 766
311 832
312 862
313 527
314 737
315 533
316 549
317 895
318 949
319 951
320 952
321 953
322 954
323 955
324 956
325 957
326 958
327 989
328 990
329 999
330 985
331 988
332 991
333 688
334 882
335 495
336 542
337 578
338 642
339 643
340 823
341 421
342 487
343 890
344 595
345 403
346 547
347 514
348 567
349 876
350 594
351 685
352 700
353 433
354 684
355 777
356 559
357 986
358 987
359 973
360 980
361 971
362 981
363 977
364 978
365 974
366 976
367 979
368 975
369 597
370 500
371 624
372 727
373 741
374 622
375 588
376 513
377 474
378 732
379 785
380 793
381 731
382 492
383 8
384 9
385 10
386 11
387 12
388 13
389 14
390 15
391 16
392 17
393 18
394 19
395 20
396 21
397 22
398 23
399 24
400 25
401 81
402 82
403 83
404 84
405 85
406 86
407 87
408 88
409 89
410 90
411 91
412 92
413 93
414 94
415 95
416 96
417 97
418 98
419 99
420 100
421 101
422 128
423 129
424 130
425 131
426 133
427 132
428 134
429 135
430 136
431 138
432 139
433 140
434 141
435 142
436 143
437 144
438 137
439 145
440 146
441 147
442 3
443 4
444 5
445 6
446 7
447 390
448 392
449 1
450 2
451 391
452 393
453 394
454 397
455 398
456 395
457 396
458 34
459 35
460 36
461 37
462 38
463 39
464 40
465 41
466 42
467 43
468 44
469 45
470 46
471 47
472 48
473 49
474 52
475 50
476 51
477 53
478 54
479 55
480 56
481 57
482 58
483 59
484 60
485 61
486 62
487 63
488 64
489 65
490 66
491 67
492 68
493 69
494 26
495 27
496 28
497 29
498 30
499 31
500 32
501 33
502 903
503 909
504 697
505 590
506 692
507 802
508 633
509 651
510 783
511 674
512 546
513 687
514 829
515 812
516 828
517 584
518 427
519 770
520 686
521 779
522 410
523 531
524 893
525 605
526 836
527 705
528 827
529 532
530 824
531 846
532 636
533 448
534 746
535 838
536 634
537 756
538 457
539 472
540 414
541 765
542 745
543 509
544 879
545 518
546 627
547 399
548 481
549 799
550 528
551 591
552 682
553 917
554 596
555 857
556 743
557 801
558 887
559 787
560 614
561 845
562 601
563 480
564 695
565 724
566 740
567 572
568 477
569 844
570 759
571 754
572 747
573 593
574 837
575 715
576 476
577 808
578 762
579 536
580 465
581 585
582 617
583 508
584 696
585 678
586 773
587 784
588 677
589 786
590 796
591 471
592 608
593 819
594 863
595 679
596 719
597 873
598 646
599 675
600 816
601 70
602 71
603 72
604 73
605 74
606 75
607 76
608 77
609 78
610 79
611 80
612 127
613 119
614 120
615 121
616 122
617 123
618 124
619 125
620 126
621 301
622 302
623 303
624 304
625 305
626 306
627 307
628 308
629 309
630 310
631 312
632 313
633 314
634 315
635 316
636 317
637 318
638 319
639 320
640 321
641 322
642 323
643 324
644 325
645 326
646 327
647 108
648 109
649 110
650 111
651 112
652 113
653 114
654 115
655 116
656 117
657 329
658 330
659 607
660 551
661 652
662 545
663 767
664 860
665 892
666 883
667 535
668 761
669 898
670 522
671 568
672 910
673 470
674 506
675 850
676 814
677 407
678 874
679 707
680 822
681 840
682 889
683 426
684 581
685 699
686 664
687 625
688 411
689 450
690 498
691 669
692 833
693 728
694 763
695 499
696 599
697 635
698 507
699 683
700 864
701 484
702 744
703 583
704 416
705 425
706 455
707 468
708 510
709 789
710 861
711 866
712 563
713 501
714 916
715 537
716 459
717 650
718 422
719 461
720 526
721 490
722 717
723 913
724 826
725 582
726 800
727 878
728 673
729 782
730 600
731 730
732 709
733 438
734 936
735 946
736 937
737 938
738 939
739 940
740 941
741 942
742 943
743 944
744 945
745 947
746 948
747 795
748 609
749 479
750 592
751 775
752 413
753 772
754 924
755 680
756 523
757 569
758 856
759 698
760 771
761 504
762 493
763 641
764 663
765 877
766 869
767 417
768 932
769 742
770 615
771 927
772 902
773 616
774 922
775 817
776 797
777 441
778 519
779 456
780 859
781 644
782 639
783 713
784 561
785 434
786 851
787 598
788 738
789 714
790 888
791 919
792 575
793 928
794 835
795 901
796 553
797 502
798 967
799 543
800 788
801 497
802 602
803 923
804 820
805 453
806 963
807 430
808 552
809 778
810 839
811 442
812 997
813 925
814 620
815 912
816 959
817 458
818 637
819 900
820 464
821 534
822 810
823 970
824 667
825 870
826 694
827 489
828 841
829 660
830 965
831 908
832 790
833 466
834 541
835 447
836 475
837 842
838 739
839 449
840 589
841 723
842 710
843 708
844 926
845 412
846 748
847 415
848 983
849 440
850 711
851 463
852 670
853 400
854 668
855 736
856 524
857 733
858 811
859 969
860 753
861 921
862 750
863 755
864 962
865 525
866 653
867 630
868 794
869 665
870 689
871 659
872 460
873 931
874 884
875 654
876 769
877 701
878 996
879 550
880 656
881 516
882 875
883 712
884 436
885 935
886 992
887 467
888 722
889 1000
890 482
891 478
892 619
893 995
894 632
895 586
896 401
897 539
898 520
899 904
900 966
901 721
902 491
903 855
904 906
905 428
906 897
907 419
908 431
909 435
910 515
911 579
912 905
913 993
914 488
915 681
916 423
917 638
918 618
919 557
920 655
921 693
922 647
923 734
924 603
925 809
926 716
927 757
928 894
929 483
930 918
931 720
932 920
933 443
934 564
935 907
936 891
937 690
938 776
939 749
940 452
941 444
942 702
943 798
944 852
945 843
946 648
947 968
948 964
949 462
950 791
951 911
952 774
953 961
954 982
955 573
956 994
957 831
958 899
959 529
960 805
961 611
962 780
963 612
964 729
965 760
966 530
967 420
968 930
969 886
970 853
971 571
972 540
973 631
974 929
975 933
976 751
977 640
978 849
979 503
980 606
981 998
982 984
983 726
984 645
985 446
986 807
987 486
988 623
989 854
990 885
991 439
992 972
993 934
994 703
995 558
996 505
997 768
998 825
999 960
1000 544
