41
1
48
47
2
47
3
6
48
46
48
17
24
33
9
4
36
36
11
19
10
24
17
21
6
26
9
48
32
15
50
45
20
5
35
23
46
47
36
21
48
27
27
36
14
39
38
5
6
24
37
38
36
27
37
30
9
3
37
37
49
19
43
11
11
21
47
9
36
24
13
48
40
47
36
50
4
8
2
37
32
50
15
35
35
18
16
12
14
10
18
10
2
38
41
33
44
3
28
35
36
20
3
45
38
11
30
40
44
17
26
21
46
2
5
38
1
46
49
12
9
42
5
3
38
23
45
29
48
34
26
25
49
21
43
18
29
32
50
47
14
1
5
18
44
15
33
15
37
20
19
20
24
48
19
10
27
20
3
33
5
12
39
49
2
32
9
22
8
2
9
1
48
46
10
33
38
46
7
34
36
5
44
16
27
2
25
10
1
1
36
37
23
46
14
49
11
36
39
29
7
42
27
29
17
22
32
17
14
10
8
12
3
45
10
43
20
18
47
1
49
30
5
35
32
18
35
46
2
20
11
21
7
4
44
46
23
1
39
39
14
21
39
26
33
9
47
30
35
37
5
25
22
39
4
27
5
13
40
12
17
34
46
10
39
12
39
2
35
45
26
33
36
24
49
21
49
35
25
47
36
30
22
9
31
9
32
21
33
41
40
3
13
35
11
41
46
22
47
10
48
9
10
15
45
2
36
34
26
18
9
28
22
9
49
18
15
23
7
8
38
45
15
23
5
48
9
22
28
18
16
48
44
23
23
29
19
36
21
49
12
20
39
4
34
2
31
18
18
32
15
26
46
50
10
23
46
8
28
32
5
18
37
17
15
33
35
3
38
11
43
27
37
47
45
15
2
34
11
5
47
15
13
28
16
47
16
14
2
35
24
47
40
4
2
37
17
43
50
25
2
39
22
9
50
16
16
1
3
22
5
4
35
29
36
14
2
27
27
21
11
30
26
18
30
16
4
41
25
32
34
48
12
8
23
49
23
44
23
10
16
10
31
31
1
34
5
37
46
40
37
46
41
4
15
50
24
30
44
35
44
27
38
23
15
17
10
3
46
34
36
4
17
14
36
14
2
27
8
40
10
15
39
28
39
35
41
2
13
20
46
12
31
12
10
2
13
28
22
22
35
8
41
20
6
20
35
13
33
33
6
35
2
19
23
42
40
39
32
46
11
44
42
9
49
1
11
9
19
35
2
20
46
41
22
5
2
45
10
12
35
45
35
10
50
47
12
15
3
21
43
29
32
42
22
9
24
47
31
30
36
48
49
8
23
21
8
3
12
25
8
44
19
26
39
2
1
16
39
17
45
29
33
22
49
34
45
40
3
30
36
38
43
1
38
26
10
39
22
22
18
23
5
17
9
41
34
1
46
36
19
49
47
7
39
41
40
9
29
14
5
33
36
35
13
12
45
34
22
20
25
24
2
26
43
27
31
9
47
25
41
5
37
45
37
37
35
45
45
24
18
37
10
11
50
10
28
32
32
13
2
44
40
45
10
1
50
24
10
21
6
4
44
43
6
3
2
3
50
28
37
48
34
14
1
26
47
40
48
7
20
31
15
27
35
48
21
42
12
21
50
16
42
35
20
20
27
42
29
45
42
6
38
20
35
43
12
46
4
39
34
35
20
39
10
8
2
11
30
2
16
22
5
35
12
24
36
48
44
40
5
32
16
22
4
8
22
5
50
5
22
49
34
43
13
14
43
42
50
19
15
26
9
48
9
3
9
9
4
48
34
19
38
38
32
36
18
23
23
5
19
13
47
9
45
8
27
26
25
37
30
17
33
5
4
38
9
41
15
49
24
48
50
36
1
29
40
33
18
22
23
5
48
16
1
43
3
20
31
38
7
22
10
8
26
19
42
31
50
20
16
31
40
14
38
5
38
49
20
27
50
35
22
1
7
9
23
16
1
1
15
23
6
34
36
13
42
15
40
45
32
19
7
1
17
33
1
1
36
9
14
1
2
36
45
34
39
35
48
5
9
5
23
25
47
37
50
25
45
46
10
6
45
15
26
44
44
48
6
44
14
1
10
2
19
20
21
16
18
7
32
8
41
9
39
11
19
43
20
41
32
49
7
20
6
17
30
38
3
49
6
5
5
15
36
3
38
48
33
9
33
17
50
3
9
20
18
48
15
13
49
22
45
31
25
47
11
47
43
11
2
33
15
17
21
4
18
14
41
19
20
5
19
48
11
11
36
15
6
27
35
45
37
22
5
23
9
22
9
4
32
22
8
21
20
21
29
40
50
17
12
11
22
25
46
26
43
9
41
33
23
39
3
35
12
6
34
42
21
39
25
50
33
25
26
1
1
2
8
43
49
5
19
19
12
37
36
11
48
31
50
37
3
44
3
5
25
50
46
2
36
22
25
12
8
6
13
36
47
8
6
21
4
35
8
35
8
12
6
16
8
11
5
26
14
44
6
46
17
33
25
20
36
23
41
20
35
41
19
23
12
48
17
22
45
13
19
19
23
10
22
28
41
4
18
23
27
34
46
21
41
10
49
37
19
28
26
35
15
17
25
38
34
27
39
24
23
12
25
50
29
17
45
30
20
27
40
41
45
11
13
32
17
11
25
1
2
7
48
44
1
20
26
31
32
20
22
2
26
35
31
2
12
13
26
5
15
2
16
12
20
9
50
7
25
12
14
7
24
44
11
17
14
5
36
37
3
2
1
42
46
1
12
13
36
35
25
44
28
23
19
7
36
38
47
21
32
27
15
22
11
11
43
50
31
12
42
37
7
36
22
14
37
7
12
47
31
47
39
1
9
21
33
30
29
35
29
48
47
28
27
15
35
15
15
33
33
16
36
8
44
32
20
40
48
23
10
12
33
46
38
10
5
37
12
41
21
26
43
13
11
24
34
49
33
43
45
32
5
29
50
15
36
13
34
8
35
33
18
15
45
44
28
3
43
16
19
12
9
12
45
50
9
35
44
34
15
31
49
44
40
33
42
50
19
23
19
34
23
11
44
2
16
47
23
39
21
31
11
11
26
13
13
21
4
6
25
31
32
17
13
27
16
18
41
11
21
27
11
3
13
29
3
13
48
11
34
26
29
21
36
35
5
7
35
36
39
13
11
25
49
14
38
14
46
15
24
4
32
24
13
22
34
14
46
40
16
26
22
14
40
12
50
31
49
44
21
37
34
44
24
34
34
21
22
35
39
7
23
33
21
47
26
4
47
16
40
1
36
28
33
15
16
12
20
1
32
43
11
20
12
39
38
21
31
28
13
17
14
23
6
47
26
47
10
38
25
34
2
11
12
4
26
32
46
1
33
28
47
10
39
10
36
38
34
6
32
40
22
2
23
25
2
1
29
10
10
48
25
35
23
8
41
3
13
18
35
2
48
27
3
22
8
39
41
35
43
39
8
49
37
47
33
23
16
49
24
20
36
15
13
6
36
44
45
49
35
45
39
8
35
15
7
48
5
5
47
4
23
25
13
26
2
43
22
5
47
31
32
2
24
49
2
46
21
38
42
26
24
19
20
41
50
41
24
35
49
39
16
49
16
22
38
15
41
29
46
49
3
21
44
14
44
35
38
20
42
8
32
44
21
17
2
18
36
22
43
15
12
36
49
4
29
27
42
33
31
13
40
14
39
38
48
11
49
36
27
16
1
8
40
42
21
39
11
34
50
47
23
32
2
5
30
46
9
4
18
49
19
14
37
44
39
32
39
41
46
2
18
46
50
5
19
28
41
15
19
36
32
20
37
42
10
12
30
29
12
25
46
46
44
13
43
7
44
25
26
22
27
38
14
39
25
34
23
34
13
13
5
37
47
16
36
10
20
46
33
22
26
23
47
43
24
15
22
16
40
32
29
50
4
21
44
19
14
46
17
50
20
16
45
2
33
38
34
6
50
27
21
48
45
47
12
15
30
48
47
47
44
23
25
33
42
46
12
1
9
8
12
1
7
28
35
26
45
40
22
41
48
22
38
33
38
16
42
5
30
12
40
40
2
48
29
41
17
22
37
9
7
21
31
34
18
2
47
26
8
6
41
40
11
22
49
36
25
45
43
15
20
34
4
35
1
50
22
33
39
15
13
10
34
31
26
23
11
10
37
42
27
2
22
8
14
45
47
14
22
43
5
1
47
37
10
22
46
10
41
42
20
22
22
15
9
14
20
5
22
1
11
33
43
42
36
27
1
10
46
25
13
47
2
14
36
27
50
40
41
41
40
31
33
41
49
36
28
45
40
25
26
3
31
20
9
14
37
34
36
48
44
34
39
39
2
45
16
46
25
27
47
35
29
24
8
12
3
11
19
1
47
26
2
28
45
24
3
23
5
45
33
49
2
9
9
7
1
25
9
10
25
35
6
40
21
35
14
41
37
41
30
40
28
49
35
2
4
10
12
43
30
12
19
12
10
39
24
17
24
8
26
24
43
27
10
13
24
20
25
28
16
36
31
20
16
15
3
30
2
36
29
8
4
46
22
25
49
15
40
38
33
34
46
6
10
1
20
12
22
34
22
43
33
22
49
32
47
21
39
46
14
40
13
25
3
12
12
13
22
47
42
32
29
40
45
3
10
6
41
44
19
25
37
46
49
5
1
30
34
15
34
28
5
39
18
32
45
18
43
4
11
11
25
25
16
4
8
50
5
22
28
35
11
9
47
29
41
39
9
2
34
39
30
48
1
44
18
35
12
43
14
26
34
46
22
29
35
14
31
9
12
5
29
50
21
12
23
21
31
10
47
5
20
45
2
33
28
34
30
26
30
5
18
11
48
40
2
32
23
14
24
23
19
37
32
49
1
25
45
21
22
41
47
12
21
44
43
12
44
11
3
12
39
16
47
38
46
22
11
44
3
36
8
35
29
4
16
12
26
1
41
9
12
40
48
41
36
18
41
30
47
5
17
34
44
41
13
12
31
17
3
15
21
49
29
12
4
36
1
13
23
2
13
4
12
2
34
8
50
30
17
38
4
18
25
43
50
49
10
4
33
25
5
1
38
11
45
44
4
42
16
18
21
19
24
4
13
34
48
1
23
2
42
48
47
39
45
18
22
45
6
36
25
29
13
3
4
1
12
38
40
47
15
35
8
41
45
34
25
9
26
1
5
21
31
35
47
39
47
8
4
16
39
27
19
39
48
29
3
21
25
38
28
44
11
34
36
7
45
36
45
20
31
33
50
2
48
12
42
21
50
3
33
12
48
21
26
48
27
4
4
47
8
16
50
42
1
45
8
30
45
26
23
34
12
10
2
40
43
12
38
23
12
44
48
49
5
16
30
3
22
48
37
10
46
37
2
19
13
16
21
49
31
7
43
32
13
15
45
34
44
44
24
29
15
49
9
46
10
22
17
38
6
29
1
20
36
19
13
34
47
23
12
49
50
34
22
6
34
37
30
24
38
9
15
47
40
47
5
27
33
33
44
32
1
34
6
46
31
33
39
10
14
40
35
44
28
50
45
28
18
4
39
4
49
29
24
25
9
25
39
7
10
26
26
28
2
1
20
34
21
50
38
10
45
3
43
28
44
11
42
33
22
29
47
15
15
11
15
34
34
48
2
8
24
9
24
1
2
2
44
42
34
30
22
25
16
44
27
25
17
4
9
22
12
38
43
31
25
44
29
20
1
33
31
10
49
17
18
12
48
47
38
25
37
22
38
41
25
11
40
43
